791
830
848
858
881
893
909
926
940
960
977
990
999
20
37
47
67
78
93
115
139
153
166
180
192
211
227
239
253
266
280
298
312
327
344
359
375
391
406
421
438
453
468
484
504
520
531
547
566
579
595
614
631
645
657
675
688
705
725
740
753
774
787
799
819
832
849
858
880
892
911
933
942
953
970
988
0
17
35
46
64
81
93
112
125
140
157
175
188
207
223
234
253
271
285
303
313
329
348
358
375
398
408
422
444
456
469
490
503
516
537
552
565
584
599
613
631
642
657
879
894
916
930
951
976
989
3
15
30
53
74
97
125
155
183
200
217
228
239
253
266
282
297
313
327
345
359
376
393
405
421
439
452
468
485
501
518
534
547
562
580
592
609
627
640
658
701
708
722
733
754
767
782
797
815
828
848
865
874
892
913
921
942
959
968
986
5
15
35
53
61
81
96
111
125
146
158
175
192
205
223
236
250
271
281
297
311
329
345
363
374
391
408
422
439
459
468
486
499
515
533
546
565
580
595
611
626
642
655
672
691
703
723
738
752
772
788
796
818
830
844
866
875
891
912
925
938
959
971
984
25
44
56
67
80
95
114
128
146
159
176
193
209
224
240
254
269
286
300
316
334
349
361
381
395
413
431
443
456
476
489
500
518
535
548
565
583
595
614
625
640
666
681
697
718
734
754
771
786
802
818
835
851
862
878
897
909
925
943
955
971
988
6
27
43
55
68
80
93
115
133
147
165
177
187
204
218
235
250
267
282
298
314
327
344
361
375
392
409
421
439
452
550
562
578
593
611
626
642
658
673
688
708
722
736
756
770
782
798
813
830
850
871
887
901
923
940
956
972
991
4
23
40
51
65
81
99
113
131
142
160
174
191
212
228
244
263
282
305
323
333
350
365
381
399
414
424
442
460
473
490
505
520
537
551
567
583
598
613
632
650
661
678
690
705
722
738
755
772
784
799
815
832
849
865
882
896
913
928
939
957
972
988
7
28
56
84
104
138
166
185
198
212
224
241
257
283
304
320
350
379
405
431
460
489
506
527
544
556
572
584
594
611
626
641
657
673
692
706
720
739
754
766
786
802
814
833
848
863
875
891
908
936
952
968
984
2
24
45
57
69
83
99
118
138
152
169
179
190
204
219
237
253
332
351
369
384
401
415
425
444
460
473
490
501
520
536
549
568
588
600
615
633
646
656
677
692
702
724
741
751
769
783
800
815
830
843
863
876
891
911
926
941
956
974
989
7
23
38
55
68
82
97
116
134
146
161
175
190
206
221
237
253
271
286
300
317
332
347
364
380
393
408
422
439
454
471
486
505
520
535
549
562
580
599
613
628
641
657
673
691
708
723
738
751
768
786
798
817
830
850
867
880
891
910
922
942
959
969
985
3
30
65
81
96
111
130
146
158
175
192
206
223
241
253
270
285
300
317
333
345
360
378
393
408
424
440
457
472
486
503
519
532
550
568
582
597
613
632
645
665
682
693
708
724
739
757
773
786
802
815
833
846
862
874
898
910
924
938
955
971
985
0
19
31
47
62
81
95
110
127
141
157
173
188
205
220
236
250
269
282
297
313
328
344
361
376
393
410
426
439
456
470
485
503
517
532
549
567
583
596
614
629
645
658
674
690
707
723
735
754
771
786
802
817
829
846
